2 4.2099999973288504e-05
5 2.1399999923232826e-05
10 6.680000001324515e-05
12 0.00010050000014416582
15 4.650000005312904e-05
20 5.779999992228113e-05
30 9.110000019063591e-05
40 0.00020500000005085894
45 0.00010159999987990886
50 0.00018569999997453124
55 0.0002993999999034713
60 0.0002339000000119995
75 0.0003526999998939573
100 0.00043199999981879955
125 0.0006210999999893829
160 0.0006805999998960033
200 0.0008004999999684514
250 0.002133899999989808
350 0.006906200000003082
500 0.014020300000083807
600 0.027979499999901236
800 0.053504200000134006
1000 0.09196549999978743
2000 0.5244849999999133
5000 6.182525300000179
10000 40.23064190000014
