2 6.589999998141138e-05
5 3.319999996165279e-05
10 8.61999999415275e-05
12 8.379999985663744e-05
15 7.060000007186318e-05
20 6.039999993845413e-05
30 7.909999999355932e-05
40 0.000169799999866882
45 0.00011300000005576294
50 0.00019510000015543483
55 0.0003564999999525753
60 0.00022399999988920172
75 0.0004489000000376109
100 0.000565000000051441
125 0.0019780999998602056
160 0.000689499999907639
200 0.0029612000000724947
250 0.002759800000148971
350 0.009302200000092853
500 0.016539699999839286
600 0.04047809999997298
800 0.06366709999997511
1000 0.11720390000004954
2000 0.6421434999999747
5000 8.015160199999855
10000 57.79653680000001
