2 7.540000024164328e-05
5 0.00015560000019831932
10 0.0001336000000264903
12 0.00010139999994862592
15 0.00011150000000270666
20 0.00011379999978089472
30 0.00016090000008261995
40 0.0002598999999463558
45 0.0003093000000262691
50 0.00028720000000248547
55 0.0002162000000680564
60 0.00029779999977108673
75 0.0007331000001613575
100 0.001855499999692256
125 0.004539900000054331
160 0.000740100000257371
200 0.0017376000000695058
250 0.004383400000278925
350 0.00899570000001404
500 0.014426300000195624
600 0.024046499999712978
800 0.05106290000003355
1000 0.1097936999999547
2000 0.613902600000074
5000 6.704591399999572
10000 49.71784109999999
