2 6.230000008144998e-05
5 0.0001194999999825086
10 7.980000009411015e-05
12 6.919999987076153e-05
15 7.679999998799758e-05
20 0.00015560000019831932
30 0.00011709999989761855
40 0.00020859999995082035
45 0.0002702000001590932
50 0.00023809999993318343
55 0.0003280000000813743
60 0.00018529999988459167
75 0.0008974000002126559
100 0.0007806999997228559
125 0.001068099999883998
160 0.0009547999998176238
200 0.001594199999999546
250 0.0029709999998885905
350 0.0057517000000189
500 0.016353299999991577
600 0.02236240000001999
800 0.06018660000017917
1000 0.1243795999998838
2000 0.5585157999998955
5000 8.526985500000137
10000 50.70680889999994
