2 0.00011289999974906095
5 0.00014450000026045018
10 0.00012179999976069666
12 0.00010179999981119181
15 0.00010109999993801466
20 0.00010879999990720535
30 0.00014550000014423858
40 0.0002577000000201224
45 0.00032250000003841706
50 0.0002699000001484819
55 0.000370699999621138
60 0.00022809999973105732
75 0.000624599999810016
100 0.001442499999939173
125 0.0020778000002792396
160 0.0012787000000571425
200 0.0018760000002657762
250 0.0038548000002265326
350 0.008278799999970943
500 0.01483700000017052
600 0.024561499999890657
800 0.05939379999972516
1000 0.11992049999980736
2000 0.6220724000004338
5000 6.731949800000166
10000 48.33796570000004
