2 2.900000026784255e-05
5 6.249999978535925e-05
10 6.56000001981738e-05
12 4.369999987829942e-05
15 4.929999977321131e-05
20 5.580000015470432e-05
30 8.800000023256871e-05
40 0.0001434000000699598
45 0.00019199999996999395
50 0.0002113999998982763
55 0.0001391999999214022
60 0.00020919999997204286
75 0.0005771999999524269
100 0.001967500000318978
125 0.0012179999998807034
160 0.0006186999999044929
200 0.0015117000002646819
250 0.0034602999999151507
350 0.00954860000001645
500 0.016916800000217336
600 0.026218800000151532
800 0.053336899999976595
1000 0.13385080000034577
2000 0.5762171000001217
5000 7.938192000000072
10000 49.64619080000011
