2 5.020000025979243e-05
5 0.00011540000014065299
10 6.829999983892776e-05
12 9.850000014921534e-05
15 6.690000009257346e-05
20 0.00013639999997394625
30 0.00010169999995923718
40 0.00018419999969410128
45 0.00048139999989871285
50 0.00021689999994123355
55 0.00025649999997767736
60 0.0001687999997557199
75 0.0004527000000962289
100 0.0007206000000223867
125 0.0010832000002665154
160 0.0009930000001077133
200 0.0016366999998354004
250 0.0031145000002652523
350 0.005265899999812973
500 0.013742900000124791
600 0.030827099999896745
800 0.04651239999975587
1000 0.09431610000001456
2000 0.5604133000001639
5000 7.141956099999788
10000 43.456306999999924
