2 3.41999998454412e-05
5 5.1900000016757986e-05
10 5.139999984749011e-05
12 5.689999989044736e-05
15 6.549999989147182e-05
20 5.529999998543644e-05
30 9.449999970456702e-05
40 0.00014250000003812602
45 0.00017489999981989968
50 0.00018850000014936086
55 0.00012999999989915523
60 0.0001932999998643936
75 0.0002885000003516325
100 0.0004970999998477055
125 0.0009893999999803782
160 0.0005335999999260821
200 0.0012289000001146633
250 0.002257600000120874
350 0.0077664000000368105
500 0.013499600000159262
600 0.019196499999907246
800 0.03796869999996488
1000 0.13400910000018484
2000 0.46146060000000944
5000 5.9391868999996404
10000 36.975875200000246
