2 0.04106279999996332 0.025544000000081724 0.001631599999655009 0.01060810000035417 0.0005262999998194573 0.3134045000001606 
4 0.0009417000001121778 0.0030676000001221837 0.0006803999999647203 0.00012860000015280093 0.00031820000003790483 0.004214300000057847 
8 0.0009515000001556473 0.0014437999998335727 0.0009153999999398366 0.0001403000001118926 0.0004447999999683816 0.003179599999839411 
16 0.0012663000002248737 0.0027746999999180844 0.001481700000113051 0.0003388000000086322 0.0009394000003339897 0.005140100000062375 
32 0.001271800000267831 0.0021097999997437 0.0021544000001085806 0.00034219999997731065 0.0012587000001076376 0.01033529999995153 
64 0.002618800000163901 0.0006220000000212167 0.003942599999845697 0.0005682999999407912 0.0020499000002018875 0.014805299999807175 
128 0.005503800000042247 0.0008198000000447792 0.01857639999980165 0.0006313000003501656 0.005283100000269769 0.027808899999854475 
256 0.014515300000311981 0.0003023999997822102 0.044816999999966356 0.00024739999980738503 0.015179299999999785 0.06586940000033792 
512 0.08111890000009225 0.0007627999998476298 0.12592339999991964 0.00021049999986644252 0.05880329999990863 0.1467554000000746 
1024 0.26559769999994387 0.0008846999999150285 0.4853678000004038 0.00025149999964924064 0.2338690999999926 0.2850172000003113 
2048 0.9449730999999701 0.003054599999813945 4.072312400000101 0.0002758999999059597 0.8894880999996531 0.7214475000000675 
4096 3.836373300000105 0.002403999999842199 7.712356099999852 0.0004033000000163156 3.793577099999766 2.8744737000001805 
8192 15.150911300000189 0.005277299999761453 31.744474099999934 0.0006748000000698084 15.130127999999786 9.347667999999885 
16384 62.578747999999905 0.012176700000054552 127.62778669999989 0.0012541000000965141 63.844631200000094 150.85988439999983 
