2 0.05043290000003253 0.02326960000004874 0.0022690000000693544 0.007642999999916356 0.0005618999998660001 0.3275461999999152 
4 0.0009838000000854663 0.004107199999907607 0.0009938999999121734 0.0002541999999721156 0.0006499999999505235 0.002656200000046738 
8 0.0008178000000498287 0.0019178000000010798 0.0010253000000375323 0.00016819999996187107 0.000789100000019971 0.004639499999939289 
16 0.0018035000000509172 0.002123600000004444 0.002338700000109384 0.00024450000000797445 0.0013647999999193416 0.008093700000017634 
32 0.002243899999939458 0.002337500000066939 0.003020399999968504 0.00020000000017716957 0.0023750999998810585 0.014006800000061048 
64 0.0054594999999153515 0.0003490999999939959 0.0090775000001031 0.0005181999999877007 0.004677299999912066 0.027597199999945587 
128 0.005878100000018094 0.0008839000001898967 0.015815199999906326 0.000617099999999482 0.011447199999793156 0.04292780000014318 
256 0.036760199999889664 0.00044410000009520445 0.06931480000002921 0.0002749000000221713 0.02986079999982394 0.0821101000001363 
512 0.06203489999984413 0.00044100000013713725 0.13981420000004618 0.0005389000000377564 0.06547930000010638 0.15248459999997976 
1024 0.23315019999995457 0.002110099999981685 0.43684970000003887 0.00024239999993369565 0.2629174999999577 0.28142000000002554 
2048 1.0157040999999936 0.0013106000001243956 1.930619100000058 0.00022979999994277023 1.0030698999999004 1.346113399999922 
4096 3.8356575999998768 0.002327100000002247 7.897645400000101 0.0003361999999924592 5.959478600000011 1.9473461000000043 
8192 15.549131399999851 0.005187800000157949 31.115539099999978 0.0005366999998841493 15.238517000000002 8.84692219999988 
16384 62.03970840000011 0.011155499999858876 122.86049649999995 0.0010844999999335414 64.23880769999982 131.49649480000016 
