2 0.0006839999999783686 0.0003191000000128952 0.0010465999999951237 0.00014269999996940896 0.0003777999999670101 0.011373200000036832 
4 0.0004647000000090884 0.00016399999998384374 0.0006884999999670072 0.00014429999998810672 0.00038509999995994804 0.0014095999999881315 
8 0.0007866000000262829 0.00022029999996675542 0.0018569000000070446 0.00015059999998356943 0.0005395000000021355 0.0027901999999926375 
16 0.0012034000000085143 0.004254600000024311 0.001468600000009701 0.00017380000002731322 0.0008289000000445412 0.005686499999967509 
32 0.0019030000000270775 0.0008178999999586267 0.0025161999999454565 0.00019150000002809975 0.0021793999999886182 0.011098199999992175 
64 0.0040781000000151835 0.0002139999999712927 0.00789190000000417 0.00026239999999688735 0.003227799999990566 0.018554499999993368 
128 0.0385206999999923 0.0002632000000062362 0.014421599999991486 0.00026159999998753847 0.008182099999999082 0.033147500000040964 
256 0.03664550000002009 0.00026050000002442175 0.06147099999998318 0.0003647999999998319 0.03374760000002652 0.09733549999998559 
512 0.11737809999999627 0.0006629999999745451 0.27473250000002736 0.0004235999999764317 0.11912949999998546 0.18681309999999485 
1024 0.2332159000000047 0.0009029000000282394 0.5492696000000024 0.0002282000000377593 0.23888859999999568 0.3488805999999727 
2048 1.0407093000000032 0.0012672999999949752 2.0170174999999517 0.0005104000000528686 1.164314700000034 0.780040099999951 
4096 4.890632100000005 0.003789599999947768 8.891968900000052 0.0003348999999843727 3.9724243 1.9718508999999926 
8192 16.1276704 0.005096700000024157 31.796496900000022 0.0005678999999645384 16.40313229999998 8.326586099999986 
16384 64.98697339999995 0.010669000000007145 121.26119580000005 0.0010781999999380787 63.30305740000006 161.71987319999994 
