2 0.026384799999959796 0.024316699999985758 0.000945000000001528 0.01384649999999965 0.00041499999997540726 0.30377069999997275 
4 0.0004242999999632957 0.003954500000077132 0.0007181999999374966 0.00012630000003355235 0.0003431000000091444 0.002691900000058922 
8 0.0004480999999714186 0.0029683999999861044 0.0013594000000693995 0.000527000000033695 0.0006831000000602216 0.005059699999947043 
16 0.001345600000036029 0.003333199999929093 0.002107300000034229 0.0002230000000054133 0.0010439000000133092 0.005943399999978283 
32 0.002207799999951021 0.00143049999996947 0.003873900000030517 0.0011428999999907319 0.0018823000000338652 0.011724200000003293 
64 0.004598299999997835 0.0013520999999627747 0.0062768999999889274 0.0005529999999680513 0.002305700000079014 0.017680299999938143 
128 0.005615599999941878 0.000274099999955979 0.020285200000103032 0.0008072999999058084 0.005027900000072805 0.029562399999917943 
256 0.027968399999963367 0.001165600000035738 0.044217600000024504 0.0011630999999852065 0.01457530000004681 0.06106849999991937 
512 0.05870950000007724 0.0003586000000268541 0.16353579999997692 0.0002640999999812266 0.05900850000000446 0.16008609999994405 
1024 0.24584270000002562 0.0005847999999559761 0.48996920000001865 0.00018490000002202578 0.27434789999995246 0.3575895000000173 
2048 1.0676639000000705 0.012015599999926962 1.9695629999999937 0.0002504999999928259 1.0391214999999647 0.7814855000000307 
4096 4.885891300000026 0.012847299999975803 7.83672660000002 0.00033930000006421324 4.003052700000012 1.9780064999999922 
8192 15.517131199999994 0.04029339999999593 30.983782099999985 0.0005439999999907741 15.28701579999995 9.179422700000032 
16384 63.76730269999996 0.010670300000015231 122.83202099999994 0.0010867000000871485 60.72482749999995 138.4316171999999 
