2 0.043848199999956705 0.034913999999844236 0.0013016000000334316 0.01153769999996257 0.000563800000008996 0.320371699999896 
4 0.000644199999896955 0.002690900000061447 0.0011647999999695458 0.00023950000013428507 0.0005581000000347558 0.002035100000057355 
8 0.0007190999999693304 0.001185900000109541 0.0013538999999127554 0.00042500000017753337 0.0007006000000728818 0.002795200000036857 
16 0.001018400000020847 0.00262790000010682 0.002090299999963463 0.0002251000000796921 0.001154499999984182 0.005264600000145947 
32 0.0014082000000144035 0.0012317999999140739 0.0037488000000394095 0.000228099999958431 0.0018402000000605767 0.012577400000054695 
64 0.0026795000001129665 0.0007455999998455809 0.006147099999907368 0.0005777000001216948 0.004511599999887039 0.023593800000071496 
128 0.006126800000174626 0.0009933999999702792 0.023309799999879033 0.0008774000000357773 0.009276600000021062 0.03434079999988171 
256 0.015010000000074797 0.0005518000000392931 0.05640779999998813 0.00014829999986432085 0.014069500000005064 0.05811479999988478 
512 0.06022619999998824 0.0006817999999384483 0.11326080000003458 0.00022219999982553418 0.059032299999898896 0.14728170000012142 
1024 0.23580280000010134 0.0009000999998534098 0.4739769000000251 0.00019449999990683864 0.24505809999982375 0.2900478000001385 
2048 0.9630405000000337 0.0012199999998756539 2.134370500000159 0.00022709999984726892 1.0655692000000272 0.7638974000001326 
4096 3.857696100000112 0.0021578999999292137 7.756440599999905 0.00033959999996113766 3.827628800000184 3.0931490999998914 
8192 16.21448529999998 0.005111899999974412 37.342967600000065 0.000626100000090446 14.654654800000117 9.740647699999954 
16384 61.70586539999999 0.010830000000169093 121.90366530000006 0.0010988999999881344 60.399630400000206 131.26795139999967 
