2 7.869999990361976e-05 0.0005565000001297449 8.849999994708924e-05 2.3499999770137947e-05 6.570000005012844e-05 9.840000075200805e-05 
4 0.00010480000037205173 0.0001846999994086218 0.00010759999986476032 2.3600000531587284e-05 5.429999964690069e-05 0.00012349999997240957 
8 7.659999937459361e-05 0.00014270000065153 6.969999958528206e-05 2.190000031987438e-05 2.970000059576705e-05 0.00022779999926569872 
16 6.680000024061883e-05 0.0012240999994901358 0.00011100000028818613 2.3399999918183312e-05 6.029999985912582e-05 0.00011759999961213907 
32 0.00011469999935798114 0.00023469999996450497 9.569999929226469e-05 2.6300000172341242e-05 8.520000028511276e-05 0.00017459999980928842 
64 0.00010800000018207356 0.00027010000030713854 0.0008023999998840736 0.0030949000001783133 7.780000032653334e-05 0.002328200000192737 
128 0.0004177999999228632 0.000566600000638573 0.00018679999993764795 0.0001965000001291628 0.00014819999978499254 0.001614700000573066 
256 0.00029859999995096587 0.003050499999517342 0.0004904999996142578 0.0025769000003492692 0.00029090000043652253 0.00352999999995518 
512 0.0053844999993089004 0.012846500000705419 0.009593599999789149 0.006985500000155298 0.005031200000303215 0.006803899999795249 
1024 0.018547099999523198 0.053628000000571774 0.09237510000002658 0.023704199999883713 0.01899870000033843 0.039494099999501486 
2048 0.0706862999995792 0.27212630000030913 0.13330839999980526 0.1217170999998416 0.06400479999956588 0.24548010000034992 
4096 0.2595070000006672 1.2532443000000058 0.48409690000062255 0.97226210000008 0.2519689999999173 1.3517375000001266 
8192 0.991422799999782 8.141607000000477 1.9133954999997513 7.927449499999966 0.9611266000001706 9.466429099999914 
16384 3.757837500000278 55.60118079999938 10.308926400000018 63.995588699999644 5.795396900000014 73.86136519999945 
