2 0.11029820000021573 0.014866499999698135 0.05732929999976477 0.07992420000027778 5.990000045130728e-05 0.10190679999959684 
4 8.439999965048628e-05 0.0011746000000130152 7.790000017848797e-05 2.2700000045006163e-05 3.100000049016671e-05 0.00033569999959581764 
8 6.349999966914766e-05 0.00041560000045137713 5.779999992228113e-05 2.3100000362319406e-05 3.0000000151630957e-05 8.019999950192869e-05 
16 0.00018530000033933902 0.0010942999997496372 0.0002258000004076166 2.5899999855028e-05 3.589999960240675e-05 0.00033489999987068586 
32 0.0006530999999085907 0.00618069999927684 6.710000070597744e-05 5.019999935029773e-05 4.9000000217347406e-05 0.0011188999997102655 
64 0.00010459999975864775 0.0006793000002289773 0.00027750000026571797 0.00039589999960298883 0.0005049999999755528 0.0005005000002711313 
128 0.00040379999973083613 0.0023964000001797103 0.0001878000002761837 0.00010149999980058055 0.0001615999999557971 0.0003879000005326816 
256 0.0010314999999536667 0.003263100000367558 0.00035829999978886917 0.00045229999977891566 0.0008253999994849437 0.0020525999998426414 
512 0.004322900000261143 0.008496899999954621 0.009618899999622954 0.002757199999905424 0.0048114999999597785 0.02464239999972051 
1024 0.019043799999963085 0.053953099999489496 0.03804980000040814 0.02701249999972788 0.018593600000713195 0.052579299999706564 
2048 0.07224249999944732 0.2858334000002287 0.14208879999932833 0.17004679999990913 0.07027850000031322 0.24839719999999943 
4096 0.27799420000064856 1.5255921999996644 0.5310572000007596 1.357975599999918 0.2827606000000742 1.8432031000002098 
8192 1.1500670000004902 9.784061099999235 2.0689621000001353 10.996580199999698 1.0765703999995822 10.19753639999999 
16384 3.9167538000001514 54.319019799999296 8.05618609999965 64.4254092000001 5.436386599999423 77.09100130000024 
