2 0.12871799999993527 0.014156600000205799 0.10020650000024034 0.061305799999900046 5.340000006981427e-05 0.11944739999944431 
4 5.9300000430084765e-05 0.0007353999999395455 6.709999979648273e-05 2.0700000277429353e-05 4.87000006614835e-05 0.000271999999313266 
8 0.0002378999997745268 0.0002704999997149571 5.2600000344682485e-05 2.3499999770137947e-05 3.0499999411404133e-05 6.649999977526022e-05 
16 8.86999996509985e-05 0.0011159000005136477 7.670000013604295e-05 2.6699999580159783e-05 3.310000010969816e-05 0.00022290000015345868 
32 0.0007703000001129112 0.006793399999878602 0.00031769999986863695 3.5400000342633575e-05 3.6299999919719994e-05 0.0013908000000810716 
64 0.00045589999990625074 0.0007524000002376852 0.0005773999992015888 0.0005445000006147893 0.00011350000022503082 0.010128199999599019 
128 0.0007980999998835614 0.0021836000005350797 0.00041459999920334667 0.00010250000013911631 0.0001602000002094428 0.01997320000009495 
256 0.002434999999422871 0.003343000000313623 0.00037929999962216243 0.00035260000004200265 0.0008104999997158302 0.07655640000029962 
512 0.005488599999807775 0.007362700000157929 0.010286900000210153 0.0025274999998146086 0.004605799999808369 0.06865759999982401 
1024 0.018930499999441963 0.05160549999982322 0.036840400000073714 0.026227899999867077 0.016963699999905657 0.12162239999997837 
2048 0.07237279999935708 0.2740303999999014 0.1285094000004392 0.20319329999983893 0.06604989999959798 0.3503507000004902 
4096 0.2620630000001256 1.3593017000002874 0.49707649999982095 1.0851371999997355 0.2567549000004874 1.4574382000000696 
8192 1.0013890000000174 8.042317800000092 1.9049682000004395 8.020011099999465 0.9583421999996062 9.118655600000238 
16384 4.155412600000091 54.333615600000485 7.770085299999664 67.2964621000001 6.928911300000436 79.41902219999974 
