2 0.11350399999992078 0.015869800000473333 0.09779810000054567 0.06688889999986714 5.400000009103678e-05 0.12261940000007598 
4 0.00010560000009718351 0.0011180000001331791 7.480000022042077e-05 2.2700000045006163e-05 2.5600000299164094e-05 0.0004227999997965526 
8 0.0002793000003293855 0.00033350000012433156 7.18000001143082e-05 2.9599999834317714e-05 2.5600000299164094e-05 8.97999998414889e-05 
16 8.030000026337802e-05 0.0011261999998168903 0.0003053999998883228 2.6200000320386607e-05 3.280000055383425e-05 0.00010179999935644446 
32 0.0003925000000890577 0.006630900000345719 0.00010160000056202989 0.00020709999989776406 4.739999985758914e-05 0.001201700000819983 
64 0.0004386000000522472 0.00025999999979831045 0.000442000000475673 0.0008798999997452484 6.599999960599234e-05 0.0008133999999699881 
128 0.00039599999945494346 0.0021619999997710693 0.00018449999970471254 0.00010490000022400636 0.00016060000052675605 0.007168600000113656 
256 0.0022718000000168104 0.006907099999807542 0.000357599999915692 0.00036160000036034035 0.0008012999996935832 0.0011208000005353824 
512 0.004906999999548134 0.0076563000002352055 0.010243300000183808 0.003073400000175752 0.004910599999675469 0.006570999999894411 
1024 0.01807239999925514 0.05158750000009604 0.03975990000071761 0.02634539999962726 0.018324099999517784 0.05788840000059281 
2048 0.07190689999970346 0.29070950000004814 0.14057840000077704 0.2118743999999424 0.06625209999947401 0.2558086999997613 
4096 0.2573456999998598 1.4118710000002466 0.5256954999995287 1.1653260000002774 0.26801630000045407 1.4575058999998873 
8192 0.9889519999996992 8.01060570000027 1.9127562000003309 8.190211199999794 0.9661148999994111 9.183587999999872 
16384 3.963749999999891 55.712104799999906 7.82442809999975 67.40475479999986 5.589170299999751 71.9326332999999 
