2 0.11288329999933921 0.018009600000368664 0.07474309999997786 0.10547090000000026 0.0002654999998412677 0.11790390000078332 
4 7.269999969139462e-05 0.002165699999750359 5.599999985861359e-05 1.9400000383029692e-05 5.059999966761097e-05 0.00027740000041376334 
8 0.0002272000001539709 0.00045119999958842527 4.890000036539277e-05 2.2199999875738285e-05 2.9300000278453808e-05 6.469999971159268e-05 
16 0.0004850000004807953 0.0011285999999017804 6.269999994401587e-05 2.4500000108673703e-05 3.190000006725313e-05 0.0002722999997786246 
32 0.0008336999999301042 0.005797300000267569 8.800000068731606e-05 2.2899999748915434e-05 0.0004001000006610411 0.0015238999994835467 
64 0.0016193999999813968 0.0015427000007548486 0.0001036000003296067 0.0005301999999574036 0.0002623999998832005 0.005957700000180921 
128 0.0007264000005307025 0.002175300000089919 0.00018879999970522476 0.00011750000066967914 0.0001615999999557971 0.0008680000000822474 
256 0.006368899999870337 0.0033204000001205713 0.0007738000003882917 0.0004460000000108266 0.0038741999997000676 0.11360270000022865 
512 0.005155400000148802 0.008260800000243762 0.009847500000432774 0.003093599999374419 0.004879500000242842 0.08023640000010346 
1024 0.018502400000215857 0.05300899999929243 0.037013300000580784 0.020338899999842397 0.01610569999957079 0.3050252000002729 
2048 0.07222830000046088 0.26242269999966084 0.13595660000009957 0.154418799999803 0.06479250000029424 0.3537399999995614 
4096 0.2639884999998685 1.3510157999999137 0.47921969999970315 1.0626063999998223 0.2558387999997649 1.5587572000004002 
8192 0.9659647999997105 8.127847400000064 1.9576483999999255 8.158613600000535 0.970060999999987 9.33646840000074 
16384 3.91839390000041 54.65060409999933 7.830078100000719 62.17606159999923 6.394829400000162 71.49758059999931 
